@Potential energy surface of Martin, J. M. L.; Taylor, P. R. Spectrochim. Acta Part A: Mol. Biomol. Spectrosc. 1997, 53(8), 1039-1050.
@Taken and converted from PyPES extensible librairy : M.Sibaev, D.L. Crittenden, The PyPES library of high quality semi-global
@potential energy surfaces, Journal of Computational Chemistry 36(29) (2015)
@
COORDINATES
@ Force field equilibrium geometry is used
!  CARTESIAN (bohr)
   2.18628828338372e+00   -1.29218485926721e+00    0.00000000000000e+00  // H
   1.13263930531833e+00    3.46521429709182e-01    0.00000000000000e+00  // N
  -1.13263930531833e+00   -3.46521429709182e-01    0.00000000000000e+00  // N
  -2.18628828338372e+00    1.29218485926721e+00    0.00000000000000e+00  // H
   !  MASSES (me)
      1837.15264562 
      25526.0423547
      25526.0423547
      1837.15264562
@  END
@  Normal mode coordinates wrt cartesians (dx/dq)
!  mode 1   X                     Y                        Z
   1.004997056756089e-16   6.550097701055353e-17   1.593384987245489e-02
  -6.333249232717023e-18  -3.583257575766023e-18  -1.146786252304376e-03 
  -9.118827383805313e-18  -6.151567465452439e-18  -1.146786252304376e-03
   1.141968592078611e-16   6.975809191332081e-17   1.593384987245490e-02
!  mode 2   X                     Y                        7
  -1.339593966627884e-02  -8.627651604889292e-03   1.291379270950363e-16
   9.641285420006659e-04   6.209467472931910e-04  -9.294276061912957e-18 
   9.641285420006636e-04   6.209467472931832e-04  -9.294276061912962e-18  
  -1.339593966627880e-02  -8.627651604889265e-03   1.291379270950363e-16
!  mode 3
  2.486225704821194e-03   2.396920945123821e-03   7.739430562202515e-18
 -3.958892610038611e-03  -1.748323209326892e-03  -5.570199694639614e-19  
  3.958892610038613e-03   1.748323209326894e-03  -5.570199694639618e-19 
 -2.486225704821220e-03  -2.396920945123832e-03   7.739430562202519e-18
!  mode 4
 -1.310827794325998e-02  -6.192490065361953e-03  -7.076050799728014e-18 
 -1.513124807616599e-03   1.473675821973410e-03   5.092754006527648e-19 
  1.513124807616597e-03  -1.473675821973415e-03   5.092754006527650e-19 
  1.310827794326002e-02   6.192490065361982e-03  -7.076050799728018e-18
!  mode 5  
   8.754143647062689e-03  -1.333879390485926e-02   2.653519049898005e-18
  -6.047741248395827e-04   9.492536245048760e-04  -1.909782752447868e-19 
   6.047741248396311e-04  -9.492536245049641e-04  -1.909782752447869e-19 
  -8.754143647063461e-03   1.333879390486047e-02   2.653519049898007e-18
!  mode 6
 -8.627651604889673e-03   1.339593966627941e-02   2.211265874915004e-18
  6.209467472932088e-04  -9.641285420007069e-04  -1.591485627039890e-19 
  6.209467472931559e-04  -9.641285420006239e-04  -1.591485627039890e-19
 -8.627651604888887e-03   1.339593966627822e-02   2.211265874915005e-18
ENDCOOR
FORCEFIELD 
 2 0 0 0 0 0 , 664.213550943134237
 4 0 0 0 0 0 , 4.335282791860437
 6 0 0 0 0 0 , -0.471897107116644
 0 2 0 0 0 0 , 675.140549094012272
 0 4 0 0 0 0 , 7.072599090662686
 0 6 0 0 0 0 , -0.255944147220409
 0 0 2 0 0 0 , 779.216915599766139
 0 0 3 0 0 0 , 90.899525929514667
 0 0 4 0 0 0 , 6.779824398008975
 0 0 5 0 0 0 , 0.353332807728088
 0 0 6 0 0 0 , 0.019507821756749
 0 0 0 2 0 0 , 810.921383070670345
 0 0 0 3 0 0 , 34.042058791221478
 0 0 0 4 0 0 , 0.999182034689357
 0 0 0 5 0 0 , -0.258657789956348
 0 0 0 6 0 0 , -0.051396190430158
 0 0 0 0 2 0 , 1634.923444558459551
 0 0 0 0 3 0 , -282.027825072421479
 0 0 0 0 4 0 , 29.653376481991220
 0 0 0 0 5 0 , -2.547303883398115
 0 0 0 0 6 0 , 0.209214834091276
 0 0 0 0 0 2 , 1650.792585897524532
 0 0 0 0 0 4 , 29.217918670085165
 0 0 0 0 0 6 , 0.224814220499919
 4 2 0 0 0 0 , -0.485441970811292
 4 1 0 0 0 1 , -0.128326329926168
 4 0 1 0 0 0 , -1.232080556285036
 4 0 2 0 0 0 , -0.097763144391251
 4 0 1 1 0 0 , 0.200210098066107
 4 0 1 0 1 0 , 0.393547080656513
 4 0 0 1 0 0 , -0.976031818823706
 4 0 0 2 0 0 , -0.132627251353948
 4 0 0 1 1 0 , 0.444531201170226
 4 0 0 0 1 0 , -7.112627267070218
 4 0 0 0 2 0 , 2.753325404653406
 4 0 0 0 0 2 , 2.936969933995150
 2 2 0 0 0 0 , 9.438386230394082
 2 4 0 0 0 0 , -0.642422964920165
 2 3 0 0 0 1 , -0.241586065119188
 2 2 1 0 0 0 , 0.203357057003357
 2 2 2 0 0 0 , -0.603380539218539
 2 2 1 1 0 0 , 1.843812845344989
 2 2 1 0 1 0 , -0.330066029817209
 2 2 0 1 0 0 , -3.255389571076871
 2 2 0 2 0 0 , -1.682798579134713
 2 2 0 1 1 0 , 1.526852215636270
 2 2 0 0 1 0 , -14.944987608145745
 2 2 0 0 2 0 , 5.552921642241982
 2 2 0 0 0 2 , 5.476039410483415
 2 1 2 0 0 1 , -0.075571448853650
 2 1 1 1 0 1 , 0.884038720636129
 2 1 1 0 1 1 , 9.135506939878695
 2 1 1 0 0 1 , -13.236274027976712
 2 1 0 2 0 1 , -1.307335904627702
 2 1 0 1 1 1 , -15.922641918439362
 2 1 0 1 0 1 , 22.322413299964868
 2 1 0 0 2 1 , 0.656189095215172
 2 1 0 0 1 1 , -1.031592195679813
 2 1 0 0 0 1 , 0.877442834465440
 2 1 0 0 0 3 , 0.091448317615516
 2 0 1 0 0 0 , 36.548498165677366
 2 0 2 0 0 0 , -0.048642761879570
 2 0 3 0 0 0 , -0.594731243176632
 2 0 4 0 0 0 , -0.061927689850277
 2 0 3 1 0 0 , 0.125137387883074
 2 0 3 0 1 0 , 0.063682642928637
 2 0 2 1 0 0 , 0.270298328121122
 2 0 2 2 0 0 , -0.293421147146266
 2 0 2 1 1 0 , -0.122287762713181
 2 0 2 0 1 0 , -3.078787932073336
 2 0 2 0 2 0 , 1.088217213911380
 2 0 2 0 0 2 , 1.153870620758439
 2 0 1 1 0 0 , -4.894088098815589
 2 0 1 2 0 0 , 0.058256569627987
 2 0 1 3 0 0 , 0.327903715251720
 2 0 1 2 1 0 , -0.195790957499157
 2 0 1 1 1 0 , 8.556098235254190
 2 0 1 1 2 0 , -3.293468629674746
 2 0 1 1 0 2 , -3.470501190023159
 2 0 1 0 1 0 , -12.115726349955748
 2 0 1 0 2 0 , 1.215724777835937
 2 0 1 0 3 0 , 0.161839021650279
 2 0 1 0 1 2 , 0.800398391535361
 2 0 1 0 0 2 , 0.662431742378760
 2 0 0 1 0 0 , 11.492641524810505
 2 0 0 2 0 0 , 0.117652856544075
 2 0 0 3 0 0 , -0.819356186630299
 2 0 0 4 0 0 , -0.179614528223870
 2 0 0 3 1 0 , 0.363217269303481
 2 0 0 2 1 0 , -7.366428025527389
 2 0 0 2 2 0 , 3.062597128452532
 2 0 0 2 0 2 , 3.108525421940703
 2 0 0 1 1 0 , -7.018945761284155
 2 0 0 1 2 0 , 1.908016232310031
 2 0 0 1 3 0 , -0.329050071633148
 2 0 0 1 1 2 , -1.105857020358929
 2 0 0 1 0 2 , 1.605472926880183
 2 0 0 0 1 0 , 181.906366067445816
 2 0 0 0 2 0 , -85.627936160605145
 2 0 0 0 3 0 , 16.983419591407952
 2 0 0 0 4 0 , -2.428509886023444
 2 0 0 0 2 2 , -14.464728805019721
 2 0 0 0 1 2 , 51.326731737135418
 2 0 0 0 0 2 , -90.410445752200673
 2 0 0 0 0 4 , -2.406399867576494
 0 5 0 0 0 1 , -0.054013961641555
 0 4 1 0 0 0 , -0.440811411630422
 0 4 2 0 0 0 , -0.602353383736230
 0 4 1 1 0 0 , 1.953853708459561
 0 4 1 0 1 0 , -0.018062371648743
 0 4 0 1 0 0 , -1.214564569268042
 0 4 0 2 0 0 , -1.765426467661695
 0 4 0 1 1 0 , 0.651297028412950
 0 4 0 0 1 0 , -7.979638699133984
 0 4 0 0 2 0 , 2.841823983753109
 0 4 0 0 0 2 , 2.664153787451025
 0 3 2 0 0 1 , -0.083348470063636
 0 3 1 1 0 1 , 0.961948564580484
 0 3 1 0 1 1 , 8.657111823168508
 0 3 1 0 0 1 , -12.497041178567434
 0 3 0 2 0 1 , -1.482103864464845
 0 3 0 1 1 1 , -15.243489230495969
 0 3 0 1 0 1 , 21.404415958778724
 0 3 0 0 2 1 , 0.748814494963391
 0 3 0 0 1 1 , -1.555575239350277
 0 3 0 0 0 1 , 2.468986953772272
 0 3 0 0 0 3 , 0.144243399974987
 0 2 1 0 0 0 , 22.358512753977539
 0 2 2 0 0 0 , 7.581922130663513
 0 2 3 0 0 0 , -0.441248542716011
 0 2 4 0 0 0 , -0.138452368346551
 0 2 3 1 0 0 , 0.761781225413917
 0 2 3 0 1 0 , -0.000527362014532
 0 2 2 1 0 0 , 0.213085190747432
 0 2 2 2 0 0 , -1.886317168631693
 0 2 2 1 1 0 , 0.353525391491150
 0 2 2 0 1 0 , -8.244844489238808
 0 2 2 0 2 0 , 2.808761450783273
 0 2 2 0 0 2 , 2.938851371222057
 0 2 1 1 0 0 , -19.550836744114278
 0 2 1 2 0 0 , 2.264372534919922
 0 2 1 3 0 0 , 2.215788830305004
 0 2 1 2 1 0 , -1.667282543820065
 0 2 1 1 1 0 , 25.939202019734015
 0 2 1 1 2 0 , -9.450118799038354
 0 2 1 1 0 2 , -9.835741270276232
 0 2 1 0 1 0 , -3.747198637801542
 0 2 1 0 2 0 , -0.679253423964751
 0 2 1 0 3 0 , 0.510916747214971
 0 2 1 0 1 2 , 1.580158247401545
 0 2 1 0 0 2 , -0.558357989346852
 0 2 0 1 0 0 , 72.666856943785064
 0 2 0 2 0 0 , 13.709578787468461
 0 2 0 3 0 0 , -3.380736943108923
 0 2 0 4 0 0 , -1.068230981433502
 0 2 0 3 1 0 , 1.598192743477007
 0 2 0 2 1 0 , -22.902657610827614
 0 2 0 2 2 0 , 8.593294463257957
 0 2 0 2 0 2 , 8.776330089377009
 0 2 0 1 1 0 , -21.278346597720645
 0 2 0 1 2 0 , 4.581330027422027
 0 2 0 1 3 0 , -0.834323110278197
 0 2 0 1 1 2 , -2.264491088363101
 0 2 0 1 0 2 , 3.360943975812656
 0 2 0 0 1 0 , 189.532881594948407
 0 2 0 0 2 0 , -86.008265018421170
 0 2 0 0 3 0 , 16.805607641097179
 0 2 0 0 4 0 , -2.378202989963197
 0 2 0 0 2 2 , -13.736001095264497
 0 2 0 0 1 2 , 48.629252873073654
 0 2 0 0 0 2 , -84.523356022308917
 0 2 0 0 0 4 , -2.294885131752535
 0 1 4 0 0 1 , -0.016837652430728
 0 1 3 1 0 1 , 0.078359278504791
 0 1 3 0 1 1 , 1.772739511285709
 0 1 3 0 0 1 , -2.691952906565144
 0 1 2 2 0 1 , -0.552718685219563
 0 1 2 1 1 1 , -8.508505194524020
 0 1 2 1 0 1 , 12.393599216080363
 0 1 2 0 2 1 , 1.096459624043718
 0 1 2 0 1 1 , -1.013255431915913
 0 1 2 0 0 1 , -1.135488356168479
 0 1 2 0 0 3 , 0.307862507362692
 0 1 1 3 0 1 , 1.124337149025196
 0 1 1 2 1 1 , 14.557714119465929
 0 1 1 2 0 1 , -20.533985693888326
 0 1 1 1 2 1 , -3.528150769500709
 0 1 1 1 1 1 , 7.111297570054234
 0 1 1 1 0 1 , -7.413321458793360
 0 1 1 1 0 3 , -0.973488957606231
 0 1 1 0 3 1 , -7.445026492943303
 0 1 1 0 2 1 , 39.714456009055475
 0 1 1 0 1 1 , -140.923662507881431
 0 1 1 0 1 3 , -7.664637702084057
 0 1 1 0 0 1 , 185.426453009082337
 0 1 1 0 0 3 , 13.560124175381929
 0 1 0 4 0 1 , -0.711846850846015
 0 1 0 3 1 1 , -8.839933265407728
 0 1 0 3 0 1 , 12.049814619524668
 0 1 0 2 2 1 , 2.797199793701867
 0 1 0 2 1 1 , -10.046922956656486
 0 1 0 2 0 1 , 22.033035478848934
 0 1 0 2 0 3 , 0.760253835048930
 0 1 0 1 3 1 , 13.298796147694542
 0 1 0 1 2 1 , -69.868207687520595
 0 1 0 1 1 1 , 239.076749159110989
 0 1 0 1 1 3 , 13.671043732137759
 0 1 0 1 0 1 , -259.026597388889741
 0 1 0 1 0 3 , -23.767884006862943
 0 1 0 0 4 1 , -0.422793551433213
 0 1 0 0 3 1 , 1.857518507519804
 0 1 0 0 2 1 , -3.538417933185015
 0 1 0 0 2 3 , -0.604914800884329
 0 1 0 0 1 1 , -7.114862546763479
 0 1 0 0 1 3 , 0.830122834742568
 0 1 0 0 0 3 , 1.272478810588449
 0 1 0 0 0 5 , -0.054174990132295
 0 0 5 1 0 0 , 0.067020285265437
 0 0 5 0 1 0 , 0.015348978668616
 0 0 4 1 0 0 , 0.901944997981051
 0 0 4 2 0 0 , -0.059151798855279
 0 0 4 1 1 0 , -0.063047263487882
 0 0 4 0 1 0 , -0.267418548422691
 0 0 4 0 2 0 , 0.091950727387782
 0 0 4 0 0 2 , 0.094897117779309
 0 0 3 1 0 0 , 7.227437667576734
 0 0 3 2 0 0 , -0.425782998775062
 0 0 3 3 0 0 , 0.099759045329166
 0 0 3 2 1 0 , 0.134670441157254
 0 0 3 1 1 0 , 1.727837476466917
 0 0 3 1 2 0 , -0.674938798107850
 0 0 3 1 0 2 , -0.715964140998601
 0 0 3 0 1 0 , -1.500964750181981
 0 0 3 0 2 0 , -0.014422581911851
 0 0 3 0 3 0 , 0.049149933682622
 0 0 3 0 1 2 , 0.301798601928833
 0 0 3 0 0 2 , -0.257408990873926
 0 0 2 1 0 0 , 69.168867718014809
 0 0 2 2 0 0 , 2.886432745209838
 0 0 2 3 0 0 , 0.132047157826370
 0 0 2 4 0 0 , -0.163080097457088
 0 0 2 3 1 0 , -0.063421374870208
 0 0 2 2 1 0 , -4.241632736404067
 0 0 2 2 2 0 , 1.585006107043296
 0 0 2 2 0 2 , 1.684656926355131
 0 0 2 1 1 0 , 2.548639375717934
 0 0 2 1 2 0 , -0.565827778200060
 0 0 2 1 3 0 , -0.087754802384957
 0 0 2 1 1 2 , -0.718948103930052
 0 0 2 1 0 2 , 0.190094714717905
 0 0 2 0 1 0 , 35.046281824083849
 0 0 2 0 2 0 , -17.944765670724983
 0 0 2 0 3 0 , 3.186114659929277
 0 0 2 0 4 0 , -0.400863586428548
 0 0 2 0 2 2 , -2.434004341907186
 0 0 2 0 1 2 , 9.969266476287325
 0 0 2 0 0 2 , -19.147084577015494
 0 0 2 0 0 4 , -0.408186577635083
 0 0 1 2 0 0 , 17.907598293712944
 0 0 1 3 0 0 , -1.231219903061237
 0 0 1 4 0 0 , 0.244234447030821
 0 0 1 5 0 0 , 0.134244589771532
 0 0 1 4 1 0 , -0.133292859217245
 0 0 1 3 1 0 , 4.561945090702292
 0 0 1 3 2 0 , -1.887617298713175
 0 0 1 3 0 2 , -1.939165261851997
 0 0 1 2 1 0 , -0.196945911504686
 0 0 1 2 2 0 , -0.876561661634154
 0 0 1 2 3 0 , 0.310338132416386
 0 0 1 2 1 2 , 1.430471107855706
 0 0 1 2 0 2 , -1.407379006952589
 0 0 1 1 1 0 , -124.708424034352291
 0 0 1 1 2 0 , 51.405991908491664
 0 0 1 1 3 0 , -10.264417598105455
 0 0 1 1 4 0 , 1.502388138755491
 0 0 1 1 2 2 , 8.744064119629400
 0 0 1 1 1 2 , -30.704880466518034
 0 0 1 1 0 2 , 54.795564197999404
 0 0 1 1 0 4 , 1.446281165867894
 0 0 1 0 2 0 , -23.193050426156461
 0 0 1 0 3 0 , -0.919130600941619
 0 0 1 0 4 0 , 0.818919405515337
 0 0 1 0 5 0 , -0.138838803136177
 0 0 1 0 3 2 , -1.653318565118064
 0 0 1 0 2 2 , 5.569086631940060
 0 0 1 0 1 2 , -2.514780279949982
 0 0 1 0 1 4 , -0.794792178353215
 0 0 1 0 0 2 , -24.695022106908883
 0 0 1 0 0 4 , 0.853428296312640
 0 0 0 5 1 0 , 0.104276387162465
 0 0 0 4 1 0 , -2.282484422157059
 0 0 0 4 2 0 , 0.924515437534923
 0 0 0 4 0 2 , 0.898352098420738
 0 0 0 3 1 0 , -8.194707494834558
 0 0 0 3 2 0 , 1.501470748029875
 0 0 0 3 3 0 , -0.200319278864981
 0 0 0 3 1 2 , -0.768273317125933
 0 0 0 3 0 2 , 1.460284252858948
 0 0 0 2 1 0 , 58.902107825587741
 0 0 0 2 2 0 , -45.554257493349134
 0 0 0 2 3 0 , 9.646618816210575
 0 0 0 2 4 0 , -1.406052620488328
 0 0 0 2 2 2 , -8.001175342792662
 0 0 0 2 1 2 , 28.074873431214449
 0 0 0 2 0 2 , -46.784773929416794
 0 0 0 2 0 4 , -1.319998471169377
 0 0 0 1 2 0 , -19.136445571718902
 0 0 0 1 3 0 , 3.539522118232542
 0 0 0 1 4 0 , -0.343850454208592
 0 0 0 1 5 0 , 0.028177869824724
 0 0 0 1 3 2 , 0.688768808096029
 0 0 0 1 2 2 , -3.214721932319853
 0 0 0 1 1 2 , 10.386468489374627
 0 0 0 1 1 4 , 0.308363618487934
 0 0 0 1 0 2 , -7.745670379710422
 0 0 0 1 0 4 , -0.456821204440285
 0 0 0 0 4 2 , 3.255675494669509
 0 0 0 0 3 2 , -25.559402988325481
 0 0 0 0 2 2 , 175.314904481623074
 0 0 0 0 2 4 , 3.358543201752017
 0 0 0 0 1 2 , -834.435830922494347
 0 0 0 0 1 4 , -12.967400585009997
ENDFF
