@Potential energy surface of Martin, J. M. L.; Taylor, P. R. Spectrochim. Acta Part A: Mol. Biomol. Spectrosc. 1997, 53(8), 1039-1050.
@Taken from PyPES extensible librairy : M.Sibaev, D.L. Crittenden, The PyPES library of high quality semi-global
@potential energy surfaces, Journal of Computational Chemistry 36(29) (2015)
@
COORDINATES
@ Force field equilibrium geometry is used
!  CARTESIAN bohr
   2.18628828338372e+00   -1.29218485926721e+00    0.00000000000000e+00  // H
   1.13263930531833e+00    3.46521429709182e-01    0.00000000000000e+00  // N
  -1.13263930531833e+00   -3.46521429709182e-01    0.00000000000000e+00  // N
  -2.18628828338372e+00    1.29218485926721e+00    0.00000000000000e+00  // H
   !  MASSES (atomic units)
      1837.15264562 
      25526.0423547
      25526.0423547
      1837.15264562
@  END
@  Normal mode coordinates wrt cartesians (dx/dq)
!  mode 1 
   1.004997056756089e-16   6.550097701055353e-17   1.593384987245489e-02
  -6.333249232717023e-18  -3.583257575766023e-18  -1.146786252304376e-03 
  -9.118827383805313e-18  -6.151567465452439e-18  -1.146786252304376e-03
   1.141968592078611e-16   6.975809191332081e-17   1.593384987245490e-02
!  mode 2
  -1.339593966627884e-02  -8.627651604889292e-03   1.291379270950363e-16
   9.641285420006659e-04   6.209467472931910e-04  -9.294276061912957e-18 
   9.641285420006636e-04   6.209467472931832e-04  -9.294276061912962e-18  
  -1.339593966627880e-02  -8.627651604889265e-03   1.291379270950363e-16
!  mode 3
  2.486225704821194e-03   2.396920945123821e-03   7.739430562202515e-18
 -3.958892610038611e-03  -1.748323209326892e-03  -5.570199694639614e-19  
  3.958892610038613e-03   1.748323209326894e-03  -5.570199694639618e-19 
 -2.486225704821220e-03  -2.396920945123832e-03   7.739430562202519e-18
!  mode 4
 -1.310827794325998e-02  -6.192490065361953e-03  -7.076050799728014e-18 
 -1.513124807616599e-03   1.473675821973410e-03   5.092754006527648e-19 
  1.513124807616597e-03  -1.473675821973415e-03   5.092754006527650e-19 
  1.310827794326002e-02   6.192490065361982e-03  -7.076050799728018e-18
!  mode 5  
   8.754143647062689e-03  -1.333879390485926e-02   2.653519049898005e-18
  -6.047741248395827e-04   9.492536245048760e-04  -1.909782752447868e-19 
   6.047741248396311e-04  -9.492536245049641e-04  -1.909782752447869e-19 
  -8.754143647063461e-03   1.333879390486047e-02   2.653519049898007e-18
!  mode 6
 -8.627651604889673e-03   1.339593966627941e-02   2.211265874915004e-18
  6.209467472932088e-04  -9.641285420007069e-04  -1.591485627039890e-19 
  6.209467472931559e-04  -9.641285420006239e-04  -1.591485627039890e-19
 -8.627651604888887e-03   1.339593966627822e-02   2.211265874915005e-18
ENDCOOR
FORCEFIELD
            [0,0 , 3.6635890308e-05],
            [0,0,0,0 , 1.73680504263e-08],
            [0,0,0,0,0,0 , -3.43285598406e-10],
            [0,0,0,0,1,1 , -2.3929895022e-11],
            [0,0,0,0,1,5 , -4.94582115483e-12],
            [0,0,0,0,2 , -4.15934314481e-10],
            [0,0,0,0,2,2 , -5.56215147463e-12],                                                                                                                             
            [0,0,0,0,2,3 , 5.81010289092e-12],
            [0,0,0,0,2,4 , 1.62163785834e-11],
            [0,0,0,0,3 , -3.36131964237e-10],
            [0,0,0,0,3,3 , -7.85273243594e-12],
            [0,0,0,0,3,4 , 1.86861408859e-11],
            [0,0,0,0,4 , -3.47804520495e-09],
            [0,0,0,0,4,4 , 3.2867316136e-10],
            [0,0,0,0,5,5 , 3.53998391655e-10],
            [0,0,1,1 , 6.40569999931e-09],
            [0,0,1,1,1,1 , -3.21892597605e-11],
            [0,0,1,1,1,5 , -4.73206802979e-12],
            [0,0,1,1,2 , 1.16300104731e-11],
            [0,0,1,1,2,2 , -5.81559507099e-12],
            [0,0,1,1,2,3 , 9.06462603669e-12],
            [0,0,1,1,2,4 , -2.30405700341e-12],
            [0,0,1,1,3 , -1.89925822496e-10],
            [0,0,1,1,3,3 , -1.6879336773e-11],
            [0,0,1,1,3,4 , 1.08730049094e-11],
            [0,0,1,1,4 , -1.23804360689e-09],
            [0,0,1,1,4,4 , 1.12295785125e-10],
            [0,0,1,1,5,5 , 1.11815900033e-10],
            [0,0,1,2,2,5 , -5.69481699528e-13],
            [0,0,1,2,3,5 , 3.39800102783e-12],
            [0,0,1,2,4,5 , 4.98590736065e-11],
            [0,0,1,2,5 , -5.91841984606e-10],
            [0,0,1,3,3,5 , -1.02524956394e-11],
            [0,0,1,3,4,5 , -8.86516599286e-11],
            [0,0,1,3,5 , 1.01821937277e-09],
            [0,0,1,4,4,5 , 1.03750472315e-11],
            [0,0,1,4,5 , -6.68140185579e-11],
            [0,0,1,5 , 4.65593431423e-10],
            [0,0,1,5,5,5 , 4.37978847619e-12],
            [0,0,2 , 1.69871515706e-07],
            [0,0,2,2 , -3.81023055174e-11],
            [0,0,2,2,2 , -1.17767931117e-10],
            [0,0,2,2,2,2 , -4.13335940684e-12],
            [0,0,2,2,2,3 , 2.13012738077e-12],
            [0,0,2,2,2,4 , 1.53921363957e-12],
            [0,0,2,2,3 , 1.82007207615e-11],
            [0,0,2,2,3,3 , -3.39686925664e-12],
            [0,0,2,2,3,4 , -1.00507798238e-12],
            [0,0,2,2,4 , -2.94363757113e-10],
            [0,0,2,2,4,4 , 2.53992961264e-11],
            [0,0,2,2,5,5 , 2.71930733283e-11],
            [0,0,2,3 , -1.95539728029e-09],
            [0,0,2,3,3 , 4.00175342793e-12],
            [0,0,2,3,3,3 , 5.80878373301e-12],
            [0,0,2,3,3,4 , -1.6416084552e-12],
            [0,0,2,3,4 , 4.17263617269e-10],
            [0,0,2,3,4,4 , -3.92093656175e-11],
            [0,0,2,3,5,5 , -4.17180087026e-11],
            [0,0,2,4 , -6.87340626119e-09],
            [0,0,2,4,4 , 1.68367923178e-10],
            [0,0,2,4,4,4 , 8.20729640726e-12],
            [0,0,2,4,5,5 , 1.36614536974e-11],
            [0,0,2,5,5 , 9.26318440095e-11],
            [0,0,3 , 5.44917903239e-08],
            [0,0,3,3 , 9.5908232179e-11],
            [0,0,3,3,3 , -1.72250146432e-10],
            [0,0,3,3,3,3 , -1.29837610334e-11],
            [0,0,3,3,3,4 , 9.32019253589e-12],
            [0,0,3,3,4 , -7.3296273047e-10],
            [0,0,3,3,4,4 , 7.43903053823e-11],
            [0,0,3,3,5,5 , 7.62387877503e-11],
            [0,0,3,4 , -4.06213764429e-09],
            [0,0,3,4,4 , 2.69566762076e-10],
            [0,0,3,4,4,4 , -1.70231158172e-11],
            [0,0,3,4,5,5 , -1.92552817131e-11],
            [0,0,3,5,5 , 2.29024715085e-10],
            [0,0,4 , 1.22466822251e-06],
            [0,0,4,4 , -1.40730281275e-07],
            [0,0,4,4,4 , 1.02209203918e-08],
            [0,0,4,4,4,4 , -7.13569478795e-10],
            [0,0,4,4,5,5 , -7.15237906674e-10],
            [0,0,4,5,5 , 1.03963839675e-08],
            [0,0,5 , 3.76400265936e-20],
            [0,0,5,5 , -1.50032649113e-07],
            [0,0,5,5,5,5 , -7.20865699628e-10],
            [1,1 , 3.78512016972e-05],
            [1,1,1,1 , 2.9274238201e-08],
            [1,1,1,1,1,1 , -1.955297545e-10],
            [1,1,1,1,1,5 , -1.07540386258e-11],
            [1,1,1,1,2 , -1.53748680756e-10],
            [1,1,1,1,2,2 , -3.54072279303e-11],
            [1,1,1,1,2,3 , 5.85818133159e-11],
            [1,1,1,1,2,4 , -7.68961994523e-13],
            [1,1,1,1,3 , -4.3215482604e-10],
            [1,1,1,1,3,3 , -1.07996725143e-10],
            [1,1,1,1,3,4 , 2.82858600673e-11],
            [1,1,1,1,4 , -4.0314504084e-09],
            [1,1,1,1,4,4 , 3.5049094092e-10],
            [1,1,1,1,5,5 , 3.31767622794e-10],
            [1,1,1,2,2,5 , -1.91525838322e-12],
            [1,1,1,2,3,5 , 1.12748762825e-11],
            [1,1,1,2,4,5 , 1.44076216793e-10],
            [1,1,1,2,5 , -1.70394250729e-09],
            [1,1,1,3,3,5 , -3.54428600458e-11],
            [1,1,1,3,4,5 , -2.58799746954e-10],
            [1,1,1,3,5 , 2.9772226117e-09],
            [1,1,1,4,4,5 , 3.61029784295e-11],
            [1,1,1,4,5 , -3.07226223816e-10],
            [1,1,1,5 , 3.99497921194e-09],
            [1,1,1,5,5,5 , 2.10659516363e-11],
            [1,1,2 , 1.05628326394e-07],
            [1,1,2,2 , 6.03668910757e-09],
            [1,1,2,2,2 , -8.88128970273e-11],
            [1,1,2,2,2,2 , -9.39301770038e-12],
            [1,1,2,2,2,3 , 1.31806010664e-11],
            [1,1,2,2,2,4 , -1.29560653482e-14],
            [1,1,2,2,3 , 1.45842787315e-11],
            [1,1,2,2,3,3 , -2.21967095578e-11],
            [1,1,2,2,3,4 , 2.95341062273e-12],
            [1,1,2,2,4 , -8.01260052929e-10],
            [1,1,2,2,4,4 , 6.66357679181e-11],
            [1,1,2,2,5,5 , 7.03988008855e-11],
            [1,1,2,3 , -7.93990002709e-09],
            [1,1,2,3,3 , 1.58102871263e-10],
            [1,1,2,3,3,3 , 3.98982364644e-11],
            [1,1,2,3,3,4 , -1.42092977305e-11],
            [1,1,2,3,4 , 1.28581304936e-09],
            [1,1,2,3,4,4 , -1.14356278521e-10],
            [1,1,2,3,5,5 , -1.20177988256e-10],
            [1,1,2,4 , -2.16080579073e-09],
            [1,1,2,4,4 , -9.56186007235e-11],
            [1,1,2,4,4,4 , 2.63362219421e-11],
            [1,1,2,4,5,5 , 2.74143372103e-11],
            [1,1,2,5,5 , -7.93630537722e-11],
            [1,1,3 , 3.50214443633e-07],
            [1,1,3,3 , 1.13596246812e-08],
            [1,1,3,3,3 , -7.22411586625e-10],
            [1,1,3,3,3,3 , -7.84893409083e-11],
            [1,1,3,3,3,4 , 4.16844437456e-11],
            [1,1,3,3,4 , -2.31631320978e-09],
            [1,1,3,3,4,4 , 2.12164454677e-10],
            [1,1,3,3,5,5 , 2.18786725758e-10],
            [1,1,3,4 , -1.25171970341e-08],
            [1,1,3,4,4 , 6.57903681091e-10],
            [1,1,3,4,4,4 , -4.38730471305e-11],
            [1,1,3,4,5,5 , -4.00781784341e-11],
            [1,1,3,5,5 , 4.87334434559e-10],
            [1,1,4 , 1.29700478236e-06],
            [1,1,4,4 , -1.43680796587e-07],
            [1,1,4,4,4 , 1.02802942892e-08],
            [1,1,4,4,4,4 , -7.10283574978e-10],
            [1,1,4,4,5,5 , -6.90378098833e-10],
            [1,1,4,5,5 , 1.00120441928e-08],
            [1,1,5 , 2.66815378385e-20],
            [1,1,5,5 , -1.42570725849e-07],
            [1,1,5,5,5,5 , -6.98769562697e-10],
            [1,2 , -1.52465930506e-20],
            [1,2,2,2,2,5 , -8.9311103394e-13],
            [1,2,2,2,3,5 , 1.0600211779e-12],
            [1,2,2,2,4,5 , 3.40508825367e-11],
            [1,2,2,2,5 , -4.23622845955e-10],
            [1,2,2,3,3,5 , -5.08507299251e-12],
            [1,2,2,3,4,5 , -5.55745112446e-11],
            [1,2,2,3,5 , 6.63205774509e-10],
            [1,2,2,4,4,5 , 2.03378180541e-11],
            [1,2,2,4,5 , -7.69890793539e-11],
            [1,2,2,5 , -7.06840358238e-10],
            [1,2,2,5,5,5 , 1.72975605215e-11],
            [1,2,3,3,3,5 , 1.58285471552e-11],
            [1,2,3,3,4,5 , 9.70008992591e-11],
            [1,2,3,3,5 , -1.12094498032e-09],
            [1,2,3,4,4,5 , -3.33802084329e-11],
            [1,2,3,4,5 , 2.75606358072e-10],
            [1,2,3,5 , -2.35386569925e-09],
            [1,2,3,5,5,5 , -2.78990413738e-11],
            [1,2,4 , -2.14934610366e-20],
            [1,2,4,4,4,5 , -3.00046624471e-10],
            [1,2,4,4,5 , 4.37097506239e-09],
            [1,2,4,5 , -6.35348639197e-08],
            [1,2,4,5,5,5 , -3.11895577679e-10],
            [1,2,5 , 6.84901852312e-07],
            [1,2,5,5,5 , 4.52074197408e-09],
            [1,3 , 7.45388993584e-20],
            [1,3,3,3,3,5 , -4.08932138584e-11],
            [1,3,3,3,4,5 , -1.80265660989e-10],
            [1,3,3,3,5 , 2.01313477978e-09],
            [1,3,3,4,4,5 , 5.3995253191e-11],
            [1,3,3,4,5 , -7.94444638101e-10],
            [1,3,3,5 , 1.42735949232e-08],
            [1,3,3,5,5,5 , 4.44536122328e-11],
            [1,3,4 , 2.60462631281e-20],
            [1,3,4,4,4,5 , 5.46757837332e-10],
            [1,3,4,4,5 , -7.84457651489e-09],
            [1,3,4,5 , 1.09957717096e-07],
            [1,3,4,5,5,5 , 5.67517749257e-10],
            [1,3,5 , -9.76025581986e-07],
            [1,3,5,5,5 , -8.08345012427e-09],
            [1,4 , 4.06575814682e-20],
            [1,4,4,4,4,5 , -9.87257334126e-11],
            [1,4,4,4,5 , 8.88389955821e-10],
            [1,4,4,5 , -4.62154121443e-09],
            [1,4,4,5,5,5 , -7.13117866234e-11],
            [1,4,5 , -3.80664773299e-08],
            [1,4,5,5,5 , 4.0087404537e-10],
            [1,5 , -2.03287907341e-20],
            [1,5,5,5 , 5.03436390448e-09],
            [1,5,5,5,5,5 , -6.4485346149e-11],
            [2,2 , 5.04206024444e-05],
            [2,2,2 , 1.48690951034e-06],
            [2,2,2,2 , 3.73812108949e-08],
            [2,2,2,2,2 , 8.20806706809e-10],
            [2,2,2,2,2,2 , 2.29123148579e-11],
            [2,2,2,2,2,3 , 1.33836756124e-11],
            [2,2,2,2,2,4 , 4.35219100393e-12],
            [2,2,2,2,3 , 4.27491193241e-10],
            [2,2,2,2,3,3 , -4.82011353424e-12],
            [2,2,2,2,3,4 , -3.64741257857e-12],
            [2,2,2,2,4 , -1.79969114379e-10],
            [2,2,2,2,4,4 , 1.51064754671e-11],
            [2,2,2,2,5,5 , 1.57418616392e-11],
            [2,2,2,3 , 1.01629426239e-08],
            [2,2,2,3,3 , -1.02935606761e-10],
            [2,2,2,3,3,3 , 6.21960851559e-12],
            [2,2,2,3,3,4 , 3.97393837205e-12],
            [2,2,2,3,4 , 2.96557929534e-10],
            [2,2,2,3,4,4 , -2.82795551387e-11],
            [2,2,2,3,5,5 , -3.02896697982e-11],
            [2,2,2,4 , -2.99684959013e-09],
            [2,2,2,4,4 , -7.02973568152e-12],
            [2,2,2,4,4,4 , 8.77226423876e-12],
            [2,2,2,4,5,5 , 1.81292494976e-11],
            [2,2,2,5,5 , -1.26681962246e-10],
            [2,2,3 , 3.8474459103e-07],
            [2,2,3,3 , 2.76035852169e-09],
            [2,2,3,3,3 , 3.25661606315e-11],
            [2,2,3,3,3,3 , -1.38296329691e-11],
            [2,2,3,3,3,4 , -1.90917038e-12],
            [2,2,3,3,4 , -4.95117919613e-10],
            [2,2,3,3,4,4 , 4.51656277391e-11],
            [2,2,3,3,5,5 , 4.84711887389e-11],
            [2,2,3,4 , 1.73038115859e-09],
            [2,2,3,4,4 , -9.37819333628e-11],
            [2,2,3,4,4,4 , -5.32596854293e-12],
            [2,2,3,4,5,5 , -1.46858497451e-11],
            [2,2,3,5,5 , 3.18126646542e-11],
            [2,2,4 , 2.76798122594e-07],
            [2,2,4,4 , -3.45987581389e-08],
            [2,2,4,4,4 , 2.2494529168e-09],
            [2,2,4,4,4,4 , -1.38179506737e-10],
            [2,2,4,4,5,5 , -1.41192691368e-10],
            [2,2,4,5,5 , 2.36893172804e-09],
            [2,2,5 , 1.13886226736e-20],
            [2,2,5,5 , -3.72752412614e-08],
            [2,2,5,5,5,5 , -1.43448471919e-10],
            [2,3 , -3.38813178902e-20],
            [2,3,3 , 1.01615367113e-07],
            [2,3,3,3 , -1.80173587852e-09],
            [2,3,3,3,3 , 1.22895110925e-10],
            [2,3,3,3,3,3 , 2.90339873367e-11],
            [2,3,3,3,3,4 , -8.18664776771e-12],
            [2,3,3,3,4 , 8.14848903772e-10],
            [2,3,3,3,4,4 , -8.23080871681e-11],
            [2,3,3,3,5,5 , -8.53765243532e-11],
            [2,3,3,4 , -1.3640822221e-10],
            [2,3,3,4,4 , -1.48210024619e-10],
            [2,3,3,4,4,4 , 1.92142322991e-11],
            [2,3,3,4,5,5 , 2.98085477889e-11],
            [2,3,3,5,5 , -2.40270949283e-10],
            [2,3,4 , -5.02397161219e-07],
            [2,3,4,4 , 5.05552959945e-08],
            [2,3,4,4,4 , -3.69640895532e-09],
            [2,3,4,4,4,4 , 2.64155325802e-10],
            [2,3,4,4,5,5 , 2.58722617473e-10],
            [2,3,4,5,5 , -3.72157645598e-09],
            [2,3,5 , -2.08581863261e-20],
            [2,3,5,5 , 5.44118390819e-08],
            [2,3,5,5,5,5 , 2.59250815891e-10],
            [2,4 , -2.03287907341e-20],
            [2,4,4 , -2.65337472715e-07],
            [2,4,4,4 , -3.85044326606e-09],
            [2,4,4,4,4 , 1.67496674747e-09],
            [2,4,4,4,4,4 , -1.73307526962e-10],
            [2,4,4,4,5,5 , -2.0838103677e-10],
            [2,4,4,5,5 , 1.91687078585e-09],
            [2,4,5,5 , -3.54574404944e-09],
            [2,4,5,5,5,5 , -2.02292750919e-10],
            [2,5,5 , -2.85262854311e-07],
            [2,5,5,5,5 , 1.77959936257e-09],
            [3,3 , 5.46070595659e-05],
            [3,3,3 , 5.9117942297e-07],
            [3,3,3,3 , 5.96650897055e-09],
            [3,3,3,3,3 , -6.63870615057e-10],
            [3,3,3,3,3,3 , -6.80381131611e-11],
            [3,3,3,3,3,4 , 3.26674617841e-11],
            [3,3,3,3,4 , -1.66362345897e-09],
            [3,3,3,3,4,4 , 1.64498866281e-10],
            [3,3,3,3,5,5 , 1.61395126447e-10],
            [3,3,3,4 , -1.73703464566e-08],
            [3,3,3,4,4 , 7.76950638851e-10],
            [3,3,3,4,4,4 , -3.79570181776e-11],
            [3,3,3,4,5,5 , -4.89958078872e-11],
            [3,3,3,5,5 , 7.62972777109e-10],
            [3,3,4 , 4.8414160781e-07],
            [3,3,4,4 , -9.14054460245e-08],
            [3,3,4,4,4 , 7.08779266546e-09],
            [3,3,4,4,4,4 , -5.043929237e-10],
            [3,3,4,4,5,5 , -4.83019914339e-10],
            [3,3,4,5,5 , 6.94268606149e-09],
            [3,3,5 , 2.53580488584e-20],
            [3,3,5,5 , -9.4785678503e-08],
            [3,3,5,5,5,5 , -4.82759707335e-10],
            [3,4 , 2.37169225231e-20],
            [3,4,4 , -2.23337772766e-07],
            [3,4,4,4 , 1.51264955546e-08],
            [3,4,4,4,4 , -7.17455253005e-10],
            [3,4,4,4,4,4 , 3.58818571307e-11],
            [3,4,4,4,5,5 , 8.8559532145e-11],
            [3,4,4,5,5 , -1.12878821943e-09],
            [3,4,5,5 , 1.49394784031e-08],
            [3,4,5,5,5,5 , 8.0066355275e-11],
            [3,5 , -2.71050543121e-20],
            [3,5,5 , -9.12756650276e-08],
            [3,5,5,5,5 , -9.71765883884e-10],
            [4,4 , 0.00022196583349],
            [4,4,4 , -1.4020821292e-05],
            [4,4,4,4 , 7.19759110755e-07],
            [4,4,4,4,4 , -3.77342145095e-08],
            [4,4,4,4,4,4 , 2.26970708596e-09],
            [4,4,4,4,5,5 , 2.37750959785e-09],
            [4,4,4,5 , -4.25237009301e-20],
            [4,4,4,5,5 , -3.82296524501e-08],
            [4,4,5 , 4.16951968286e-19],
            [4,4,5,5 , 7.16103335457e-07],
            [4,4,5,5,5,5 , 2.47643649425e-09],
            [4,5 , -4.74338450462e-20],
            [4,5,5 , -1.39620205714e-05],
            [4,5,5,5 , 4.38339550204e-20],
            [4,5,5,5,5 , -3.91676626238e-08],
            [5,5 , 0.000226295702337],
            [5,5,5 , -1.26652601438e-18],
            [5,5,5,5 , 7.23023597168e-07],
            [5,5,5,5,5,5 , 2.51065120628e-09]]
ENDFF
