6110.055681
1291.790067
1317.437527
1519.644963
1579.647066
2560.407996
2613.859034
2628.852435
2802.443755
2814.815127
2868.041163
2871.101192
3011.995643
3037.751048
3115.453179
3115.822539
3159.230138
3807.915286
3874.960562
3932.800823
3939.385162
4060.766190
4100.035421
4103.221289
4133.641447
4162.689743
4169.295692
4287.395271
4289.673520
4314.630973
4332.072241
4389.642954
4393.678166
4405.800973
4422.827639
4432.723747
4443.931305
4486.898740
4520.525744
4580.711475
4633.967756
4638.273506
4686.422758
4690.968344
4737.073979
5030.808424
5126.856436
5178.110423
5252.033254
5254.377371
5301.867197
5348.423216
5374.000087
5393.317022
5404.022758
5422.156343
5466.665625
5470.665322
5535.359220
5559.349657
